01054200
01170100
01413500
01415000
01423000
01434025
01435000
01439500
01440400
01451800
01466500
01484100
01544500
01545600
01596500
01632900
02011400
02038850
02077200
02137727
02327100
02450250
02479155
03028000
03066000
03069500
03460000
03604000
04027000
04063700
04124000
05057000
05412500
06037500
06188000
06191500
06623800
06879650
07060710
07083000
07335700
07340300
08014500
08070200
08086212
08195000
08377900
09352900
09505800
10249300
10336645
10336660
10343500
10396000
11264500
11381500
11383500
11475560
12056500
12114500
12115000
12115500
12117000
12147600
12178100
12186000
12189500
12447390
13018300
13331500
13340000
13340600
14138870
14138900
14139800
14141500
14154500
14158500
14158790
14182500
14185000
14185900
